Col 1

		925 163 478
		925 173 468
		925 173 486
		925 183 476
		925 813 476
		925 863 471
		925 873 416
		925 873 461 <-- Prohibited by Box 1.
926 173 485
926 183 475
926 813 475
926 873 415
928 163 475
928 173 465
		952 163 478
		952 173 468
		952 173 486
		952 183 476
		952 813 476
		952 863 471
		952 873 416
		952 873 461 <!-- Prohibited by Box 1.
956 123 478
956 213 478
956 273 418
956 273 481
956 283 471
956 823 471
958 123 476
958 213 476
958 263 471
958 273 416
958 273 461
9 . . . . 3 4 . .


Col 2

		125 964 783
		125 984 763 <!-- Prohibited by Box 1.
126 974 583
126 984 573
128 964 573
128 974 563
		152 964 783
		152 984 763 <!-- Prohibited by Box 1.
156 924 783
158 924 763
1 . . 9 . 4 . . 3


Col 3 (Excludes 8 in cell 3; See Box 1)

347 165 928
347 185 926
		347 815 926 <!-- Excluded by Box 4!
347 865 921
437 165 928
437 185 926
		437 815 926 <!-- Excluded by Box 4!
437 865 921
. . 7 . . 5 9 2 .


Box 1

913 254 687
913 254 867
913 524 687
913 524 867
914 253 687
914 253 867
914 523 687
914 523 867
		<-- Box 1 is 91[3|4], [8] is eliminated.
9 1 . . . . . . 7


Row 1 (without 8; see Box 1)

913 245 768
913 245 867
913 247 568
913 247 865
913 254 768
913 254 867
913 257 468
913 257 864
913 425 768
913 425 867
913 427 568
913 427 865
913 457 268
913 457 862
914 253 768
914 253 867
914 257 368
9 1 . . . . . 6 .


Row 2

253 684 197
253 687 194
254 683 197
523 684 197
523 687 194
524 683 197
. . . 6 8 . 1 9 .


Row 3

		267 913 458
		267 913 548
		267 913 845
		267 913 854
		267 914 358
		267 914 538
		267 914 835
		267 915 348
		267 915 438
		267 915 834
		567 913 248
		567 913 842
		567 914 238
		567 914 832
		627 913 458
		627 913 548
		627 913 845
		627 913 854
		627 914 358
		627 914 538
		627 914 835
		627 915 348
		627 915 438
		627 915 834
		657 913 248
		657 913 842
		657 914 238
		657 914 832
687 913 245
687 913 254
687 913 452
687 913 542
687 914 235
687 914 352
687 914 532
687 915 234
687 915 342
687 915 432
867 913 245
867 913 254
867 913 452
867 913 542
867 914 235
867 914 352
867 914 532
867 915 234
867 915 342
867 915 432
. . 7 9 1 . . . .

