

Box 2

243 687 915
245 687 913
247 683 915
		247 685 913
253 687 914
254 687 913
257 683 914
257 684 913
423 687 915
425 687 913
427 683 915
		427 685 913
. . . 6 8 . 9 1 .


Row 1

913 245 768
913 245 867
913 247 568
913 247 865
913 254 768
913 254 867
913 257 468
913 257 864
913 425 768
913 425 867
913 427 568
913 427 865
913 457 268
913 457 862
914 253 768
914 253 867
914 257 368
9 1 . . . . . 6 .

Row 2

253 684 197
253 687 194
254 683 197
523 684 197
523 687 194
524 683 197
. . . 6 8 . 1 9 .

Row 3
		267 913 458
		267 913 548
		267 913 845
		267 913 854
		267 914 358
		267 914 538
		267 914 835
		267 915 348
		267 915 438
		267 915 834
		567 913 248
		567 913 842
		567 914 238
		567 914 832
		627 913 458
		627 913 548
		627 913 845
		627 913 854
		627 914 358
		627 914 538
		627 914 835
		627 915 348
		627 915 438
		627 915 834
		657 913 248
		657 913 842
		657 914 238
		657 914 832
687 913 245
687 913 254
687 913 452
687 913 542
687 914 235
687 914 352
687 914 532
687 915 234
687 915 342
687 915 432
867 913 245
867 913 254
867 913 452
867 913 542
867 914 235
867 914 352
867 914 532
867 915 234
867 915 342
867 915 432
. . 7 9 1 . . . .


