COL 1

956	123	478
958	123	476
			925	163	478
			928	163	475
			952	163	478 -> 1. 163 is excluded by Box
925	173	468
925	173	486
926	173	485
928	173	465
952	173	468
952	173	486
			925	183	476
			926	183	475
			952	183	476 -> 1. 183 is excluded by Box
			956	213	478
			958	213	476 -> 1. 213 is excluded by Box (! Because of Row 4 Exclusion)
958	263	471
956	273	418
956	273	481
958	273	416
958	273	461
956	283	471
			925	813	476
			926	813	475
			952	813	476 -> 1. 813 is excluded by Box
956	823	471
			925	863	471
			952	863	471 -> 1. 863 is excluded by Box
925	873	416
925	873	461
926	873	415
952	873	416
952	873	461
9 . . . . 3 4 . .



COL 2

156	924	783
158	924	763
125	964	783
128	964	573
152	964	783
126	974	583
128	974	563
125	984	763
126	984	573
152	984	763
1 . . 9 . 4 . . 3



COL 3

347	165	928
437	165	928
347	185	926
437	185	926
			347	815	926
			437	815	926 <-- Excluded by Box 4
347	865	921
437	865	921
. . 7 . . 5 9 2 .




ROW 4

198 246 573
198 256 473
198 426 573
291 456 873
891 246 573
891 256 473
891 426 573
. 9 . . . 6 . 7 3





ROW 5

		176 329 458
		176 329 548
		176 329 845
		176 329 854 <- 1. See step 2. in Box 4
276 349 518
276 349 815
276 349 851
276 359 418
276 359 814
276 359 841
		671 329 458
		671 329 548
		671 329 845
		671 329 854 <- 1. See step 2. in Box 4
678 329 415
678 329 451
678 329 514
678 329 541
726 349 518
726 349 815
726 349 851
726 359 418
726 359 814
726 359 841
		761 329 458
		761 329 548
		761 329 845
		761 329 854 <- 1. See step 2. in Box 4
768 329 415
768 329 451
768 329 514
768 329 541
786 329 415
786 329 451
786 329 514
786 329 541
876 329 415
876 329 451
876 329 514
876 329 541
. . . 3 . 9 . . .







BOX 4

198 276 345
198 726 345
291 678 345
291 768 345
291 786 345
291 876 345
		298 176 345 	-> 2. 176 (, 671, 761) now possibly excluded in row 5.
		298 671 345
		298 761 345 -> 1. 298 is excluded by row 4.
891 276 345
891 726 345
. 9 . . . . 3 4 5





Strategy
=========================

Box 4 HAS to be one of the remaining 8 permutations