132564798
132568794
132594768
132598764
198276345
198726345
243687915
245687913
246359871
247683915
247685913
253687914
254687913
256349871
257683914
257684913
264197358
264197538
264197835
265197348
265197438
265197834
267194358
267194538
267194835
267195348
267195438
267195834
268197345
268197354
268197435
268197534
291678345
291768345
291786345
291876345
298176345
298671345
298761345
362197458
362197548
362197845
362197854
364197258
364197852
365197248
365197842
367192458
367192548
367192845
367192854
367194258
367194852
367195248
367195842
368197245
368197254
368197452
368197542
423687915
425687913
426359871
427683915
427685913
456329871
459172638
459172836
459672138
459672831
459762138
459762831
459782136
459782631
459872136
459872631
462197358
462197538
462197835
465197238
465197832
467192358
467192538
467192835
467195238
467195832
468197235
468197352
468197532
473518926
473815926
473851926
479162538
479182536
479682531
479862531
562197348
562197438
562197834
564197238
564197832
567192348
567192438
567192834
567194238
567194832
568197234
568197342
568197432
573418926
573814926
573841926
685317249
685347219
685437219
685731249
685734219
685739214
685739241
685739412
687314259
687319245
687319254
687319452
687319542
687341259
687349215
687349251
687349512
687431259
687439215
687439251
687439512
762194358
762194538
762194835
762195348
762195438
762195834
764192358
764192538
764192835
764195238
764195832
765192348
765192438
765192834
765194238
765194832
768192345
768192354
768192435
768192534
768194235
768194352
768194532
768195234
768195342
768195432
862197345
862197354
862197435
862197534
864197235
864197352
864197532
865197234
865197342
865197432
867192345
867192354
867192435
867192534
867194235
867194352
867194532
867195234
867195342
867195432
873415926
873451926
873514926
873541926
891276345
891726345
913254687
913254867
913524687
913524867
914253687
914253867
914523687
914523867