9	1	348	24	2457	3457	234578	6	24578
25	25	34	6	8	3457	1	9	2457
2568	2568	7	9	1	345	23458	2345	2458
128	9	18	248	245	6	2458	7	3
12678	2678	168	3	2457	9	2458	1245	124568
3	4	5	28	27	1	289	2	689
4	57	9	1	3	2	6	8	57
1678	678	2	5	469	48	3479	134	1479
1568	3	168	7	469	48	2459	145	12459


BOX 1	8 Permutations	 [9][1][3|4|8][2|5][2|5][3|4][2|5|6|8][2|5|6|8][7]

0, 0, 0, 0, 0, 0, 0, 0, 8
8, 0, 0, 0, 0, 0, 0, 0, 0
0, 0, 4, 4, 0, 0, 0, 0, 0
0, 4, 0, 0, 4, 0, 0, 0, 0
0, 4, 0, 0, 4, 0, 0, 0, 0
0, 0, 4, 4, 0, 0, 0, 0, 0
0, 0, 0, 0, 0, 4, 0, 4, 0
0, 0, 0, 0, 0, 4, 0, 4, 0
0, 0, 0, 0, 0, 0, 8, 0, 0

913254687;	913254867;	913524687;	913524867;	914253687;	914253867;	914523687;	914523867;

BOX 2	18 Permutations	 [2|4][2|4|5|7][3|4|5|7][6][8][3|4|5|7][9][1][3|4|5]

0, 14, 0, 4, 0, 0, 0, 0, 0
0, 4, 0, 4, 4, 0, 6, 0, 0
0, 0, 5, 3, 4, 0, 6, 0, 0
0, 0, 0, 0, 0, 18, 0, 0, 0
0, 0, 0, 0, 0, 0, 0, 18, 0
0, 0, 5, 3, 4, 0, 6, 0, 0
0, 0, 0, 0, 0, 0, 0, 0, 18
18, 0, 0, 0, 0, 0, 0, 0, 0
0, 0, 8, 4, 6, 0, 0, 0, 0

243687915;	245687913;	247683915;	247685913;	253687914;	254687913;	257683914;	257684913;	273684915;	273685914;	274683915;	274685913;	275683914;	275684913;	423687915;	425687913;	427683915;	427685913;

BOX 3	132 Permutations	 [2|3|4|5|7|8][6][2|4|5|7|8][1][9][2|4|5|7][2|3|4|5|8][2|3|4|5][2|4|5|8]

0, 16, 30, 16, 16, 0, 30, 24, 0
0, 0, 0, 0, 0, 132, 0, 0, 0
0, 20, 0, 20, 20, 0, 42, 30, 0
132, 0, 0, 0, 0, 0, 0, 0, 0
0, 0, 0, 0, 0, 0, 0, 0, 132
0, 24, 0, 24, 24, 0, 60, 0, 0
0, 20, 42, 20, 20, 0, 0, 30, 0
0, 24, 60, 24, 24, 0, 0, 0, 0
0, 28, 0, 28, 28, 0, 0, 48, 0

264197358;	264197538;	264197835;	265197348;	265197438;	265197834;	267194358;	267194538;	267194835;	267195348;	267195438;	267195834;	268197345;	268197354;	268197435;	268197534;	362197458;	362197548;	362197845;	362197854;	364197258;	364197528;	364197825;	364197852;	365197248;	365197428;	365197824;	365197842;	367192458;	367192548;	367192845;	367192854;	367194258;	367194528;	367194825;	367194852;	367195248;	367195428;	367195824;	367195842;	368197245;	368197254;	368197425;	368197452;	368197524;	368197542;	462197358;	462197538;	462197835;	465197238;	465197328;	465197832;	467192358;	467192538;	467192835;	467195238;	467195328;	467195832;	468197235;	468197325;	468197352;	468197532;	562197348;	562197438;	562197834;	564197238;	564197328;	564197832;	567192348;	567192438;	567192834;	567194238;	567194328;	567194832;	568197234;	568197324;	568197342;	568197432;	762194358;	762194538;	762194835;	762195348;	762195438;	762195834;	764192358;	764192538;	764192835;	764195238;	764195328;	764195832;	765192348;	765192438;	765192834;	765194238;	765194328;	765194832;	768192345;	768192354;	768192435;	768192534;	768194235;	768194325;	768194352;	768194532;	768195234;	768195324;	768195342;	768195432;	862197345;	862197354;	862197435;	862197534;	864197235;	864197325;	864197352;	864197532;	865197234;	865197324;	865197342;	865197432;	867192345;	867192354;	867192435;	867192534;	867194235;	867194325;	867194352;	867194532;	867195234;	867195324;	867195342;	867195432;

BOX 4	11 Permutations	 [1|2|8][9][1|8][1|2|6|7|8][2|6|7|8][1|6|8][3][4][5]

2, 7, 0, 0, 0, 0, 0, 2, 0
0, 0, 0, 0, 0, 0, 0, 0, 11
6, 0, 0, 0, 0, 0, 0, 5, 0
1, 2, 0, 0, 0, 2, 5, 1, 0
0, 2, 0, 0, 0, 2, 6, 1, 0
2, 0, 0, 0, 0, 7, 0, 2, 0
0, 0, 11, 0, 0, 0, 0, 0, 0
0, 0, 0, 11, 0, 0, 0, 0, 0
0, 0, 0, 0, 11, 0, 0, 0, 0

198276345;	198726345;	291678345;	291768345;	291786345;	291876345;	298176345;	298671345;	298761345;	891276345;	891726345;

BOX 5	7 Permutations	 [2|4|8][2|4|5][6][3][2|4|5|7][9][2|8][2|7][1]

0, 2, 0, 3, 0, 0, 0, 2, 0
0, 1, 0, 2, 4, 0, 0, 0, 0
0, 0, 0, 0, 0, 7, 0, 0, 0
0, 0, 7, 0, 0, 0, 0, 0, 0
0, 1, 0, 2, 3, 0, 1, 0, 0
0, 0, 0, 0, 0, 0, 0, 0, 7
0, 2, 0, 0, 0, 0, 0, 5, 0
0, 1, 0, 0, 0, 0, 6, 0, 0
7, 0, 0, 0, 0, 0, 0, 0, 0

246359871;	256349871;	426359871;	456329871;	456379821;	846359271;	856349271;

BOX 6	14 Permutations	 [2|4|5|8][7][3][2|4|5|8][1|2|4|5][1|2|4|5|6|8][2|8|9][2][6|8|9]

0, 0, 0, 5, 5, 0, 0, 4, 0
0, 0, 0, 0, 0, 0, 14, 0, 0
0, 0, 14, 0, 0, 0, 0, 0, 0
0, 0, 0, 5, 5, 0, 0, 4, 0
10, 0, 0, 2, 2, 0, 0, 0, 0
4, 0, 0, 2, 2, 4, 0, 2, 0
0, 0, 0, 0, 0, 0, 0, 2, 12
0, 14, 0, 0, 0, 0, 0, 0, 0
0, 0, 0, 0, 0, 10, 0, 2, 2

473516829;	473516928;	473518926;	473815926;	473851926;	573416829;	573416928;	573418926;	573814926;	573841926;	873415926;	873451926;	873514926;	873541926;

BOX 7	14 Permutations	 [4][5|7][9][1|6|7|8][6|7|8][2][1|5|6|8][3][1|6|8]

0, 0, 0, 14, 0, 0, 0, 0, 0
0, 0, 0, 0, 10, 0, 4, 0, 0
0, 0, 0, 0, 0, 0, 0, 0, 14
4, 0, 0, 0, 0, 3, 4, 3, 0
0, 0, 0, 0, 0, 4, 6, 4, 0
0, 14, 0, 0, 0, 0, 0, 0, 0
4, 0, 0, 0, 4, 3, 0, 3, 0
0, 0, 14, 0, 0, 0, 0, 0, 0
6, 0, 0, 0, 0, 4, 0, 4, 0

459172638;	459172836;	459672138;	459672831;	459762138;	459762831;	459782136;	459782631;	459872136;	459872631;	479162538;	479182536;	479682531;	479862531;

BOX 8	4 Permutations	 [1][3][2][5][4|6|9][4|8][7][4|6|9][4|8]

4, 0, 0, 0, 0, 0, 0, 0, 0
0, 0, 4, 0, 0, 0, 0, 0, 0
0, 4, 0, 0, 0, 0, 0, 0, 0
0, 0, 0, 0, 4, 0, 0, 0, 0
0, 0, 0, 0, 0, 2, 0, 0, 2
0, 0, 0, 2, 0, 0, 0, 2, 0
0, 0, 0, 0, 0, 0, 4, 0, 0
0, 0, 0, 0, 0, 2, 0, 0, 2
0, 0, 0, 2, 0, 0, 0, 2, 0

132564798;	132568794;	132594768;	132598764;

BOX 9	39 Permutations	 [6][8][5|7][3|4|7|9][1|3|4][1|4|7|9][2|4|5|9][1|4|5][1|2|4|5|9]

0, 0, 0, 0, 0, 39, 0, 0, 0
0, 0, 0, 0, 0, 0, 0, 39, 0
0, 0, 0, 0, 16, 0, 23, 0, 0
0, 0, 15, 7, 0, 0, 7, 0, 10
8, 0, 24, 7, 0, 0, 0, 0, 0
10, 0, 0, 7, 0, 0, 9, 0, 13
0, 22, 0, 4, 5, 0, 0, 0, 8
16, 0, 0, 10, 13, 0, 0, 0, 0
5, 17, 0, 4, 5, 0, 0, 0, 8

685317249;	685317942;	685347219;	685347912;	685437219;	685437912;	685731249;	685731942;	685734219;	685734912;	685739214;	685739241;	685739412;	685937214;	685937241;	685937412;	687314259;	687314952;	687319245;	687319254;	687319452;	687319542;	687341259;	687341952;	687349215;	687349251;	687349512;	687431259;	687431952;	687439215;	687439251;	687439512;	687931245;	687931254;	687931452;	687931542;	687934215;	687934251;	687934512;

