TSV (23)
9	.	.	.	.	.	.	6	.
.	.	.	.	8	.	1	9	.
.	.	7	.	1	.	.	.	.
.	.	.	.	.	6	.	7	3
.	.	.	3	.	9	.	.	.
3	4	5	.	.	.	.	.	.
4	.	.	.	.	2	6	8	.
.	.	2	5	.	.	.	.	.
.	3	.	7	.	.	.	.	.


==================================================
Puzzle Iteration (1)
==================================================


TSV (23)
9	1258	1348	24	23457	3457	234578	6	24578
256	256	346	246	8	3457	1	9	2457
2568	2568	7	2469	1	345	23458	2345	2458
128	1289	189	1248	245	6	24589	7	3
12678	12678	168	3	2457	9	2458	1245	124568
3	4	5	128	27	178	289	12	12689
4	1579	19	19	39	2	6	8	1579
1678	16789	2	5	3469	1348	3479	134	1479
1568	3	1689	7	469	148	2459	1245	12459
Using List
Using List
Using List
Using List
Using List
Using List
Using List
Using List
Using List
Using List
Using List
Using List
Using List
Using List
Using List
Using List
Using List
Using List
Using List
Using List
Using List
Using List
Using List
Using List
Using List
Using List
Using List


1 (121) Row_1: [9][1|2|5|8][1|3|4|8][2|4][2|3|4|5|7][3|4|5|7][2|3|4|5|7|8][6][2|4|5|7|8]
2 (20) Row_2: [2|5|6][2|5|6][3|4|6][2|4|6][8][3|4|5|7][1][9][2|4|5|7]
3 (62) Row_3: [2|5|6|8][2|5|6|8][7][2|4|6|9][1][3|4|5][2|3|4|5|8][2|3|4|5][2|4|5|8]
4 (35) Row_4: [1|2|8][1|2|8|9][1|8|9][1|2|4|8][2|4|5][6][2|4|5|8|9][7][3]
5 (216) Row_5: [1|2|6|7|8][1|2|6|7|8][1|6|8][3][2|4|5|7][9][2|4|5|8][1|2|4|5][1|2|4|5|6|8]
6 (4) Row_6: [3][4][5][1|2|8][2|7][1|7|8][2|8|9][1|2][1|2|6|8|9]
7 (4) Row_7: [4][1|5|7|9][1|9][1|9][3|9][2][6][8][1|5|7|9]
8 (111) Row_8: [1|6|7|8][1|6|7|8|9][2][5][3|4|6|9][1|3|4|8][3|4|7|9][1|3|4][1|4|7|9]
9 (98) Row_9: [1|5|6|8][3][1|6|8|9][7][4|6|9][1|4|8][2|4|5|9][1|2|4|5][1|2|4|5|9]

10 (46) Col_1: [9][2|5|6][2|5|6|8][1|2|8][1|2|6|7|8][3][4][1|6|7|8][1|5|6|8]
11 (141) Col_2: [1|2|5|8][2|5|6][2|5|6|8][1|2|8|9][1|2|6|7|8][4][1|5|7|9][1|6|7|8|9][3]
12 (14) Col_3: [1|3|4|8][3|4|6][7][1|8|9][1|6|8][5][1|9][2][1|6|8|9]
13 (11) Col_4: [2|4][2|4|6][2|4|6|9][1|2|4|8][3][1|2|8][1|9][5][7]
14 (36) Col_5: [2|3|4|5|7][8][1][2|4|5][2|4|5|7][2|7][3|9][3|4|6|9][4|6|9]
15 (36) Col_6: [3|4|5|7][3|4|5|7][3|4|5][6][9][1|7|8][2][1|3|4|8][1|4|8]
16 (141) Col_7: [2|3|4|5|7|8][1][2|3|4|5|8][2|4|5|8|9][2|4|5|8][2|8|9][6][3|4|7|9][2|4|5|9]
17 (16) Col_8: [6][9][2|3|4|5][7][1|2|4|5][1|2][8][1|3|4][1|2|4|5]
18 (417) Col_9: [2|4|5|7|8][2|4|5|7][2|4|5|8][3][1|2|4|5|6|8][1|2|6|8|9][1|5|7|9][1|4|7|9][1|2|4|5|9]

19 (24) Box_1: [9][1|2|5|8][1|3|4|8][2|5|6][2|5|6][3|4|6][2|5|6|8][2|5|6|8][7]
20 (22) Box_2: [2|4][2|3|4|5|7][3|4|5|7][2|4|6][8][3|4|5|7][2|4|6|9][1][3|4|5]
21 (132) Box_3: [2|3|4|5|7|8][6][2|4|5|7|8][1][9][2|4|5|7][2|3|4|5|8][2|3|4|5][2|4|5|8]
22 (32) Box_4: [1|2|8][1|2|8|9][1|8|9][1|2|6|7|8][1|2|6|7|8][1|6|8][3][4][5]
23 (18) Box_5: [1|2|4|8][2|4|5][6][3][2|4|5|7][9][1|2|8][2|7][1|7|8]
24 (76) Box_6: [2|4|5|8|9][7][3][2|4|5|8][1|2|4|5][1|2|4|5|6|8][2|8|9][1|2][1|2|6|8|9]
25 (36) Box_7: [4][1|5|7|9][1|9][1|6|7|8][1|6|7|8|9][2][1|5|6|8][3][1|6|8|9]
26 (12) Box_8: [1|9][3|9][2][5][3|4|6|9][1|3|4|8][7][4|6|9][1|4|8]
27 (109) Box_9: [6][8][1|5|7|9][3|4|7|9][1|3|4][1|4|7|9][2|4|5|9][1|2|4|5][1|2|4|5|9]



TSV (29)
9	1	34	24	23457	3457	234578	6	24578
256	256	34	6	8	3457	1	9	2457
2568	2568	7	9	1	345	23458	2345	2458
128	1289	189	1248	245	6	24589	7	3
12678	12678	168	3	2457	9	2458	1245	124568
3	4	5	128	27	178	9	12	6
4	57	19	19	3	2	6	8	57
1678	16789	2	5	3469	1348	3479	134	1479
1568	3	1689	7	469	148	2459	1245	12459


==================================================
Puzzle Iteration (2)
==================================================


TSV (29)
9	1	34	24	23457	3457	234578	6	24578
256	256	34	6	8	3457	1	9	2457
2568	2568	7	9	1	345	23458	2345	2458
128	1289	189	1248	245	6	24589	7	3
12678	12678	168	3	2457	9	2458	1245	124568
3	4	5	128	27	178	9	12	6
4	57	19	19	3	2	6	8	57
1678	16789	2	5	3469	1348	3479	134	1479
1568	3	1689	7	469	148	2459	1245	12459
Using Cache
Using Cache
Using Cache
Using Cache
Using Cache
Using Cache
Using Cache
Using Cache
Using Cache
Using Cache
Using Cache
Using Cache
Using Cache
Using Cache
Using Cache
Using Cache
Using Cache
Using Cache
Using Cache
Using Cache
Using Cache
Using Cache
Using Cache
Using Cache
Using Cache
Using Cache
Using Cache


1 (30) Row_1: [9][1][3|4][2|4][2|3|4|5|7][3|4|5|7][2|3|4|5|7|8][6][2|4|5|7|8]
2 (6) Row_2: [2|5|6][2|5|6][3|4][6][8][3|4|5|7][1][9][2|4|5|7]
3 (62) Row_3: [2|5|6|8][2|5|6|8][7][9][1][3|4|5][2|3|4|5|8][2|3|4|5][2|4|5|8]
4 (35) Row_4: [1|2|8][1|2|8|9][1|8|9][1|2|4|8][2|4|5][6][2|4|5|8|9][7][3]
5 (216) Row_5: [1|2|6|7|8][1|2|6|7|8][1|6|8][3][2|4|5|7][9][2|4|5|8][1|2|4|5][1|2|4|5|6|8]
6 (4) Row_6: [3][4][5][1|2|8][2|7][1|7|8][9][1|2][6]
7 (4) Row_7: [4][5|7][1|9][1|9][3][2][6][8][5|7]
8 (111) Row_8: [1|6|7|8][1|6|7|8|9][2][5][3|4|6|9][1|3|4|8][3|4|7|9][1|3|4][1|4|7|9]
9 (98) Row_9: [1|5|6|8][3][1|6|8|9][7][4|6|9][1|4|8][2|4|5|9][1|2|4|5][1|2|4|5|9]

10 (46) Col_1: [9][2|5|6][2|5|6|8][1|2|8][1|2|6|7|8][3][4][1|6|7|8][1|5|6|8]
11 (24) Col_2: [1][2|5|6][2|5|6|8][1|2|8|9][1|2|6|7|8][4][5|7][1|6|7|8|9][3]
12 (14) Col_3: [3|4][3|4][7][1|8|9][1|6|8][5][1|9][2][1|6|8|9]
13 (3) Col_4: [2|4][6][9][1|2|4|8][3][1|2|8][1|9][5][7]
14 (20) Col_5: [2|3|4|5|7][8][1][2|4|5][2|4|5|7][2|7][3][3|4|6|9][4|6|9]
15 (36) Col_6: [3|4|5|7][3|4|5|7][3|4|5][6][9][1|7|8][2][1|3|4|8][1|4|8]
16 (58) Col_7: [2|3|4|5|7|8][1][2|3|4|5|8][2|4|5|8|9][2|4|5|8][9][6][3|4|7|9][2|4|5|9]
17 (16) Col_8: [6][9][2|3|4|5][7][1|2|4|5][1|2][8][1|3|4][1|2|4|5]
18 (85) Col_9: [2|4|5|7|8][2|4|5|7][2|4|5|8][3][1|2|4|5|6|8][6][5|7][1|4|7|9][1|2|4|5|9]

19 (24) Box_1: [9][1][3|4][2|5|6][2|5|6][3|4][2|5|6|8][2|5|6|8][7]
20 (22) Box_2: [2|4][2|3|4|5|7][3|4|5|7][6][8][3|4|5|7][9][1][3|4|5]
21 (132) Box_3: [2|3|4|5|7|8][6][2|4|5|7|8][1][9][2|4|5|7][2|3|4|5|8][2|3|4|5][2|4|5|8]
22 (32) Box_4: [1|2|8][1|2|8|9][1|8|9][1|2|6|7|8][1|2|6|7|8][1|6|8][3][4][5]
23 (18) Box_5: [1|2|4|8][2|4|5][6][3][2|4|5|7][9][1|2|8][2|7][1|7|8]
24 (28) Box_6: [2|4|5|8|9][7][3][2|4|5|8][1|2|4|5][1|2|4|5|6|8][9][1|2][6]
25 (28) Box_7: [4][5|7][1|9][1|6|7|8][1|6|7|8|9][2][1|5|6|8][3][1|6|8|9]
26 (8) Box_8: [1|9][3][2][5][3|4|6|9][1|3|4|8][7][4|6|9][1|4|8]
27 (61) Box_9: [6][8][5|7][3|4|7|9][1|3|4][1|4|7|9][2|4|5|9][1|2|4|5][1|2|4|5|9]



TSV (30)
9	1	34	24	2457	3457	234578	6	24578
25	25	34	6	8	347	1	9	47
2568	2568	7	9	1	345	23458	2345	2458
128	289	189	248	245	6	2458	7	3
12678	2678	168	3	2457	9	2458	1245	12458
3	4	5	28	27	178	9	12	6
4	57	19	1	3	2	6	8	57
1678	6789	2	5	69	148	347	134	1479
1568	3	1689	7	69	148	245	1245	12459


==================================================
Puzzle Iteration (3)
==================================================


TSV (30)
9	1	34	24	2457	3457	234578	6	24578
25	25	34	6	8	347	1	9	47
2568	2568	7	9	1	345	23458	2345	2458
128	289	189	248	245	6	2458	7	3
12678	2678	168	3	2457	9	2458	1245	12458
3	4	5	28	27	178	9	12	6
4	57	19	1	3	2	6	8	57
1678	6789	2	5	69	148	347	134	1479
1568	3	1689	7	69	148	245	1245	12459
Using Cache
Using Cache
Using Cache
Using Cache
Using Cache
Using Cache
Using Cache
Using Cache
Using Cache
Using Cache
Using Cache
Using Cache
Using Cache
Using Cache
Using Cache
Using Cache
Using Cache
Using Cache
Using Cache
Using Cache
Using Cache
Using Cache
Using Cache
Using Cache
Using Cache
Using Cache
Using Cache


1 (26) Row_1: [9][1][3|4][2|4][2|4|5|7][3|4|5|7][2|3|4|5|7|8][6][2|4|5|7|8]
2 (6) Row_2: [2|5][2|5][3|4][6][8][3|4|7][1][9][4|7]
3 (62) Row_3: [2|5|6|8][2|5|6|8][7][9][1][3|4|5][2|3|4|5|8][2|3|4|5][2|4|5|8]
4 (18) Row_4: [1|2|8][2|8|9][1|8|9][2|4|8][2|4|5][6][2|4|5|8][7][3]
5 (148) Row_5: [1|2|6|7|8][2|6|7|8][1|6|8][3][2|4|5|7][9][2|4|5|8][1|2|4|5][1|2|4|5|8]
6 (3) Row_6: [3][4][5][2|8][2|7][1|7|8][9][1|2][6]
7 (2) Row_7: [4][5|7][1|9][1][3][2][6][8][5|7]
8 (39) Row_8: [1|6|7|8][6|7|8|9][2][5][6|9][1|4|8][3|4|7][1|3|4][1|4|7|9]
9 (65) Row_9: [1|5|6|8][3][1|6|8|9][7][6|9][1|4|8][2|4|5][1|2|4|5][1|2|4|5|9]

10 (33) Col_1: [9][2|5][2|5|6|8][1|2|8][1|2|6|7|8][3][4][1|6|7|8][1|5|6|8]
11 (16) Col_2: [1][2|5][2|5|6|8][2|8|9][2|6|7|8][4][5|7][6|7|8|9][3]
12 (14) Col_3: [3|4][3|4][7][1|8|9][1|6|8][5][1|9][2][1|6|8|9]
13 (3) Col_4: [2|4][6][9][2|4|8][3][2|8][1][5][7]
14 (20) Col_5: [2|4|5|7][8][1][2|4|5][2|4|5|7][2|7][3][6|9][6|9]
15 (20) Col_6: [3|4|5|7][3|4|7][3|4|5][6][9][1|7|8][2][1|4|8][1|4|8]
16 (58) Col_7: [2|3|4|5|7|8][1][2|3|4|5|8][2|4|5|8][2|4|5|8][9][6][3|4|7][2|4|5]
17 (16) Col_8: [6][9][2|3|4|5][7][1|2|4|5][1|2][8][1|3|4][1|2|4|5]
18 (41) Col_9: [2|4|5|7|8][4|7][2|4|5|8][3][1|2|4|5|8][6][5|7][1|4|7|9][1|2|4|5|9]

19 (8) Box_1: [9][1][3|4][2|5][2|5][3|4][2|5|6|8][2|5|6|8][7]
20 (14) Box_2: [2|4][2|4|5|7][3|4|5|7][6][8][3|4|7][9][1][3|4|5]
21 (84) Box_3: [2|3|4|5|7|8][6][2|4|5|7|8][1][9][4|7][2|3|4|5|8][2|3|4|5][2|4|5|8]
22 (23) Box_4: [1|2|8][2|8|9][1|8|9][1|2|6|7|8][2|6|7|8][1|6|8][3][4][5]
23 (7) Box_5: [2|4|8][2|4|5][6][3][2|4|5|7][9][2|8][2|7][1|7|8]
24 (28) Box_6: [2|4|5|8][7][3][2|4|5|8][1|2|4|5][1|2|4|5|8][9][1|2][6]
25 (24) Box_7: [4][5|7][1|9][1|6|7|8][6|7|8|9][2][1|5|6|8][3][1|6|8|9]
26 (4) Box_8: [1][3][2][5][6|9][1|4|8][7][6|9][1|4|8]
27 (31) Box_9: [6][8][5|7][3|4|7][1|3|4][1|4|7|9][2|4|5][1|2|4|5][1|2|4|5|9]



TSV (32)
9	1	34	24	2457	3457	234578	6	24578
25	25	34	6	8	347	1	9	47
68	68	7	9	1	345	23458	2345	2458
128	289	189	248	245	6	2458	7	3
12678	2678	168	3	2457	9	2458	1245	12458
3	4	5	28	27	1	9	12	6
4	57	9	1	3	2	6	8	57
1678	6789	2	5	69	48	347	134	1479
1568	3	1689	7	69	48	245	1245	12459


==================================================
Puzzle Iteration (4)
==================================================


TSV (32)
9	1	34	24	2457	3457	234578	6	24578
25	25	34	6	8	347	1	9	47
68	68	7	9	1	345	23458	2345	2458
128	289	189	248	245	6	2458	7	3
12678	2678	168	3	2457	9	2458	1245	12458
3	4	5	28	27	1	9	12	6
4	57	9	1	3	2	6	8	57
1678	6789	2	5	69	48	347	134	1479
1568	3	1689	7	69	48	245	1245	12459
Using Cache
Using Cache
Using Cache
Using Cache
Using Cache
Using Cache
Using Cache
Using Cache
Using Cache
Using Cache
Using Cache
Using Cache
Using Cache
Using Cache
Using Cache
Using Cache
Using Cache
Using Cache
Using Cache
Using Cache
Using Cache
Using Cache
Using Cache
Using Cache
Using Cache
Using Cache
Using Cache


1 (26) Row_1: [9][1][3|4][2|4][2|4|5|7][3|4|5|7][2|3|4|5|7|8][6][2|4|5|7|8]
2 (6) Row_2: [2|5][2|5][3|4][6][8][3|4|7][1][9][4|7]
3 (28) Row_3: [6|8][6|8][7][9][1][3|4|5][2|3|4|5|8][2|3|4|5][2|4|5|8]
4 (18) Row_4: [1|2|8][2|8|9][1|8|9][2|4|8][2|4|5][6][2|4|5|8][7][3]
5 (148) Row_5: [1|2|6|7|8][2|6|7|8][1|6|8][3][2|4|5|7][9][2|4|5|8][1|2|4|5][1|2|4|5|8]
6 (1) Row_6: [3][4][5][2|8][2|7][1][9][1|2][6]
7 (2) Row_7: [4][5|7][9][1][3][2][6][8][5|7]
8 (26) Row_8: [1|6|7|8][6|7|8|9][2][5][6|9][4|8][3|4|7][1|3|4][1|4|7|9]
9 (45) Row_9: [1|5|6|8][3][1|6|8|9][7][6|9][4|8][2|4|5][1|2|4|5][1|2|4|5|9]

10 (17) Col_1: [9][2|5][6|8][1|2|8][1|2|6|7|8][3][4][1|6|7|8][1|5|6|8]
11 (10) Col_2: [1][2|5][6|8][2|8|9][2|6|7|8][4][5|7][6|7|8|9][3]
12 (8) Col_3: [3|4][3|4][7][1|8|9][1|6|8][5][9][2][1|6|8|9]
13 (3) Col_4: [2|4][6][9][2|4|8][3][2|8][1][5][7]
14 (20) Col_5: [2|4|5|7][8][1][2|4|5][2|4|5|7][2|7][3][6|9][6|9]
15 (6) Col_6: [3|4|5|7][3|4|7][3|4|5][6][9][1][2][4|8][4|8]
16 (58) Col_7: [2|3|4|5|7|8][1][2|3|4|5|8][2|4|5|8][2|4|5|8][9][6][3|4|7][2|4|5]
17 (16) Col_8: [6][9][2|3|4|5][7][1|2|4|5][1|2][8][1|3|4][1|2|4|5]
18 (41) Col_9: [2|4|5|7|8][4|7][2|4|5|8][3][1|2|4|5|8][6][5|7][1|4|7|9][1|2|4|5|9]

19 (8) Box_1: [9][1][3|4][2|5][2|5][3|4][6|8][6|8][7]
20 (14) Box_2: [2|4][2|4|5|7][3|4|5|7][6][8][3|4|7][9][1][3|4|5]
21 (84) Box_3: [2|3|4|5|7|8][6][2|4|5|7|8][1][9][4|7][2|3|4|5|8][2|3|4|5][2|4|5|8]
22 (23) Box_4: [1|2|8][2|8|9][1|8|9][1|2|6|7|8][2|6|7|8][1|6|8][3][4][5]
23 (7) Box_5: [2|4|8][2|4|5][6][3][2|4|5|7][9][2|8][2|7][1]
24 (28) Box_6: [2|4|5|8][7][3][2|4|5|8][1|2|4|5][1|2|4|5|8][9][1|2][6]
25 (14) Box_7: [4][5|7][9][1|6|7|8][6|7|8|9][2][1|5|6|8][3][1|6|8|9]
26 (4) Box_8: [1][3][2][5][6|9][4|8][7][6|9][4|8]
27 (31) Box_9: [6][8][5|7][3|4|7][1|3|4][1|4|7|9][2|4|5][1|2|4|5][1|2|4|5|9]



TSV (35)
9	1	34	24	2457	357	234578	6	24578
25	25	34	6	8	37	1	9	47
68	68	7	9	1	35	2345	2345	245
128	289	18	248	245	6	2458	7	3
12678	2678	168	3	2457	9	2458	1245	12458
3	4	5	8	7	1	9	2	6
4	57	9	1	3	2	6	8	57
1678	678	2	5	69	48	347	134	1479
1568	3	168	7	69	48	245	1245	12459


==================================================
Puzzle Iteration (5)
==================================================


TSV (35)
9	1	34	24	2457	357	234578	6	24578
25	25	34	6	8	37	1	9	47
68	68	7	9	1	35	2345	2345	245
128	289	18	248	245	6	2458	7	3
12678	2678	168	3	2457	9	2458	1245	12458
3	4	5	8	7	1	9	2	6
4	57	9	1	3	2	6	8	57
1678	678	2	5	69	48	347	134	1479
1568	3	168	7	69	48	245	1245	12459
Using Cache
Using Cache
Using Cache
Using Cache
Using Cache
Using Cache
Using Cache
Using Cache
Using Cache
Using Cache
Using Cache
Using Cache
Using Cache
Using Cache
Using Cache
Using Cache
Using Cache
Using Cache
Using Cache
Using Cache
Using Cache
Using Cache
Using Cache
Using Cache
Using Cache
Using Cache
Using Cache


1 (22) Row_1: [9][1][3|4][2|4][2|4|5|7][3|5|7][2|3|4|5|7|8][6][2|4|5|7|8]
2 (4) Row_2: [2|5][2|5][3|4][6][8][3|7][1][9][4|7]
3 (20) Row_3: [6|8][6|8][7][9][1][3|5][2|3|4|5][2|3|4|5][2|4|5]
4 (11) Row_4: [1|2|8][2|8|9][1|8][2|4|8][2|4|5][6][2|4|5|8][7][3]
5 (148) Row_5: [1|2|6|7|8][2|6|7|8][1|6|8][3][2|4|5|7][9][2|4|5|8][1|2|4|5][1|2|4|5|8]
6 (1) Row_6: [3][4][5][8][7][1][9][2][6]
7 (2) Row_7: [4][5|7][9][1][3][2][6][8][5|7]
8 (18) Row_8: [1|6|7|8][6|7|8][2][5][6|9][4|8][3|4|7][1|3|4][1|4|7|9]
9 (31) Row_9: [1|5|6|8][3][1|6|8][7][6|9][4|8][2|4|5][1|2|4|5][1|2|4|5|9]

10 (17) Col_1: [9][2|5][6|8][1|2|8][1|2|6|7|8][3][4][1|6|7|8][1|5|6|8]
11 (6) Col_2: [1][2|5][6|8][2|8|9][2|6|7|8][4][5|7][6|7|8][3]
12 (8) Col_3: [3|4][3|4][7][1|8][1|6|8][5][9][2][1|6|8]
13 (2) Col_4: [2|4][6][9][2|4|8][3][8][1][5][7]
14 (12) Col_5: [2|4|5|7][8][1][2|4|5][2|4|5|7][7][3][6|9][6|9]
15 (6) Col_6: [3|5|7][3|7][3|5][6][9][1][2][4|8][4|8]
16 (46) Col_7: [2|3|4|5|7|8][1][2|3|4|5][2|4|5|8][2|4|5|8][9][6][3|4|7][2|4|5]
17 (8) Col_8: [6][9][2|3|4|5][7][1|2|4|5][2][8][1|3|4][1|2|4|5]
18 (24) Col_9: [2|4|5|7|8][4|7][2|4|5][3][1|2|4|5|8][6][5|7][1|4|7|9][1|2|4|5|9]

19 (8) Box_1: [9][1][3|4][2|5][2|5][3|4][6|8][6|8][7]
20 (6) Box_2: [2|4][2|4|5|7][3|5|7][6][8][3|7][9][1][3|5]
21 (38) Box_3: [2|3|4|5|7|8][6][2|4|5|7|8][1][9][4|7][2|3|4|5][2|3|4|5][2|4|5]
22 (11) Box_4: [1|2|8][2|8|9][1|8][1|2|6|7|8][2|6|7|8][1|6|8][3][4][5]
23 (4) Box_5: [2|4|8][2|4|5][6][3][2|4|5|7][9][8][7][1]
24 (10) Box_6: [2|4|5|8][7][3][2|4|5|8][1|2|4|5][1|2|4|5|8][9][2][6]
25 (14) Box_7: [4][5|7][9][1|6|7|8][6|7|8][2][1|5|6|8][3][1|6|8]
26 (4) Box_8: [1][3][2][5][6|9][4|8][7][6|9][4|8]
27 (31) Box_9: [6][8][5|7][3|4|7][1|3|4][1|4|7|9][2|4|5][1|2|4|5][1|2|4|5|9]



TSV (36)
9	1	34	24	24	357	234578	6	24578
25	25	34	6	8	37	1	9	47
68	68	7	9	1	35	2345	345	245
128	9	18	24	245	6	458	7	3
12678	2678	168	3	245	9	458	145	1458
3	4	5	8	7	1	9	2	6
4	57	9	1	3	2	6	8	57
1678	678	2	5	69	48	347	134	1479
1568	3	168	7	69	48	245	145	12459


==================================================
Puzzle Iteration (6)
==================================================


TSV (36)
9	1	34	24	24	357	234578	6	24578
25	25	34	6	8	37	1	9	47
68	68	7	9	1	35	2345	345	245
128	9	18	24	245	6	458	7	3
12678	2678	168	3	245	9	458	145	1458
3	4	5	8	7	1	9	2	6
4	57	9	1	3	2	6	8	57
1678	678	2	5	69	48	347	134	1479
1568	3	168	7	69	48	245	145	12459
Using Cache
Using Cache
Using Cache
Using Cache
Using Cache
Using Cache
Using Cache
Using Cache
Using Cache
Using Cache
Using Cache
Using Cache
Using Cache
Using Cache
Using Cache
Using Cache
Using Cache
Using Cache
Using Cache
Using Cache
Using Cache
Using Cache
Using Cache
Using Cache
Using Cache
Using Cache
Using Cache


1 (8) Row_1: [9][1][3|4][2|4][2|4][3|5|7][2|3|4|5|7|8][6][2|4|5|7|8]
2 (4) Row_2: [2|5][2|5][3|4][6][8][3|7][1][9][4|7]
3 (14) Row_3: [6|8][6|8][7][9][1][3|5][2|3|4|5][3|4|5][2|4|5]
4 (7) Row_4: [1|2|8][9][1|8][2|4][2|4|5][6][4|5|8][7][3]
5 (40) Row_5: [1|2|6|7|8][2|6|7|8][1|6|8][3][2|4|5][9][4|5|8][1|4|5][1|4|5|8]
6 (1) Row_6: [3][4][5][8][7][1][9][2][6]
7 (2) Row_7: [4][5|7][9][1][3][2][6][8][5|7]
8 (18) Row_8: [1|6|7|8][6|7|8][2][5][6|9][4|8][3|4|7][1|3|4][1|4|7|9]
9 (21) Row_9: [1|5|6|8][3][1|6|8][7][6|9][4|8][2|4|5][1|4|5][1|2|4|5|9]

10 (17) Col_1: [9][2|5][6|8][1|2|8][1|2|6|7|8][3][4][1|6|7|8][1|5|6|8]
11 (6) Col_2: [1][2|5][6|8][9][2|6|7|8][4][5|7][6|7|8][3]
12 (8) Col_3: [3|4][3|4][7][1|8][1|6|8][5][9][2][1|6|8]
13 (2) Col_4: [2|4][6][9][2|4][3][8][1][5][7]
14 (8) Col_5: [2|4][8][1][2|4|5][2|4|5][7][3][6|9][6|9]
15 (6) Col_6: [3|5|7][3|7][3|5][6][9][1][2][4|8][4|8]
16 (28) Col_7: [2|3|4|5|7|8][1][2|3|4|5][4|5|8][4|5|8][9][6][3|4|7][2|4|5]
17 (8) Col_8: [6][9][3|4|5][7][1|4|5][2][8][1|3|4][1|4|5]
18 (20) Col_9: [2|4|5|7|8][4|7][2|4|5][3][1|4|5|8][6][5|7][1|4|7|9][1|2|4|5|9]

19 (8) Box_1: [9][1][3|4][2|5][2|5][3|4][6|8][6|8][7]
20 (6) Box_2: [2|4][2|4][3|5|7][6][8][3|7][9][1][3|5]
21 (30) Box_3: [2|3|4|5|7|8][6][2|4|5|7|8][1][9][4|7][2|3|4|5][3|4|5][2|4|5]
22 (11) Box_4: [1|2|8][9][1|8][1|2|6|7|8][2|6|7|8][1|6|8][3][4][5]
23 (4) Box_5: [2|4][2|4|5][6][3][2|4|5][9][8][7][1]
24 (10) Box_6: [4|5|8][7][3][4|5|8][1|4|5][1|4|5|8][9][2][6]
25 (14) Box_7: [4][5|7][9][1|6|7|8][6|7|8][2][1|5|6|8][3][1|6|8]
26 (4) Box_8: [1][3][2][5][6|9][4|8][7][6|9][4|8]
27 (21) Box_9: [6][8][5|7][3|4|7][1|3|4][1|4|7|9][2|4|5][1|4|5][1|2|4|5|9]



TSV (37)
9	1	3	24	24	57	578	6	578
25	25	34	6	8	37	1	9	47
68	68	7	9	1	35	2345	345	245
128	9	18	24	245	6	458	7	3
12678	2678	168	3	245	9	458	145	1458
3	4	5	8	7	1	9	2	6
4	57	9	1	3	2	6	8	57
1678	678	2	5	69	48	347	134	1479
1568	3	168	7	69	48	245	145	12459


==================================================
Puzzle Iteration (7)
==================================================


TSV (37)
9	1	3	24	24	57	578	6	578
25	25	34	6	8	37	1	9	47
68	68	7	9	1	35	2345	345	245
128	9	18	24	245	6	458	7	3
12678	2678	168	3	245	9	458	145	1458
3	4	5	8	7	1	9	2	6
4	57	9	1	3	2	6	8	57
1678	678	2	5	69	48	347	134	1479
1568	3	168	7	69	48	245	145	12459
Using Cache
Using Cache
Using Cache
Using Cache
Using Cache
Using Cache
Using Cache
Using Cache
Using Cache
Using Cache
Using Cache
Using Cache
Using Cache
Using Cache
Using Cache
Using Cache
Using Cache
Using Cache
Using Cache
Using Cache
Using Cache
Using Cache
Using Cache
Using Cache
Using Cache
Using Cache
Using Cache


1 (8) Row_1: [9][1][3][2|4][2|4][5|7][5|7|8][6][5|7|8]
2 (4) Row_2: [2|5][2|5][3|4][6][8][3|7][1][9][4|7]
3 (14) Row_3: [6|8][6|8][7][9][1][3|5][2|3|4|5][3|4|5][2|4|5]
4 (7) Row_4: [1|2|8][9][1|8][2|4][2|4|5][6][4|5|8][7][3]
5 (40) Row_5: [1|2|6|7|8][2|6|7|8][1|6|8][3][2|4|5][9][4|5|8][1|4|5][1|4|5|8]
6 (1) Row_6: [3][4][5][8][7][1][9][2][6]
7 (2) Row_7: [4][5|7][9][1][3][2][6][8][5|7]
8 (18) Row_8: [1|6|7|8][6|7|8][2][5][6|9][4|8][3|4|7][1|3|4][1|4|7|9]
9 (21) Row_9: [1|5|6|8][3][1|6|8][7][6|9][4|8][2|4|5][1|4|5][1|2|4|5|9]

10 (17) Col_1: [9][2|5][6|8][1|2|8][1|2|6|7|8][3][4][1|6|7|8][1|5|6|8]
11 (6) Col_2: [1][2|5][6|8][9][2|6|7|8][4][5|7][6|7|8][3]
12 (4) Col_3: [3][3|4][7][1|8][1|6|8][5][9][2][1|6|8]
13 (2) Col_4: [2|4][6][9][2|4][3][8][1][5][7]
14 (8) Col_5: [2|4][8][1][2|4|5][2|4|5][7][3][6|9][6|9]
15 (4) Col_6: [5|7][3|7][3|5][6][9][1][2][4|8][4|8]
16 (14) Col_7: [5|7|8][1][2|3|4|5][4|5|8][4|5|8][9][6][3|4|7][2|4|5]
17 (8) Col_8: [6][9][3|4|5][7][1|4|5][2][8][1|3|4][1|4|5]
18 (14) Col_9: [5|7|8][4|7][2|4|5][3][1|4|5|8][6][5|7][1|4|7|9][1|2|4|5|9]

19 (4) Box_1: [9][1][3][2|5][2|5][3|4][6|8][6|8][7]
20 (4) Box_2: [2|4][2|4][5|7][6][8][3|7][9][1][3|5]
21 (12) Box_3: [5|7|8][6][5|7|8][1][9][4|7][2|3|4|5][3|4|5][2|4|5]
22 (11) Box_4: [1|2|8][9][1|8][1|2|6|7|8][2|6|7|8][1|6|8][3][4][5]
23 (4) Box_5: [2|4][2|4|5][6][3][2|4|5][9][8][7][1]
24 (10) Box_6: [4|5|8][7][3][4|5|8][1|4|5][1|4|5|8][9][2][6]
25 (14) Box_7: [4][5|7][9][1|6|7|8][6|7|8][2][1|5|6|8][3][1|6|8]
26 (4) Box_8: [1][3][2][5][6|9][4|8][7][6|9][4|8]
27 (21) Box_9: [6][8][5|7][3|4|7][1|3|4][1|4|7|9][2|4|5][1|4|5][1|2|4|5|9]



TSV (38)
9	1	3	24	24	57	578	6	578
25	25	4	6	8	37	1	9	47
68	68	7	9	1	35	2345	345	245
128	9	18	24	245	6	458	7	3
12678	2678	168	3	245	9	458	145	1458
3	4	5	8	7	1	9	2	6
4	57	9	1	3	2	6	8	57
1678	678	2	5	69	48	347	134	1479
1568	3	168	7	69	48	245	145	12459


==================================================
Puzzle Iteration (8)
==================================================


TSV (38)
9	1	3	24	24	57	578	6	578
25	25	4	6	8	37	1	9	47
68	68	7	9	1	35	2345	345	245
128	9	18	24	245	6	458	7	3
12678	2678	168	3	245	9	458	145	1458
3	4	5	8	7	1	9	2	6
4	57	9	1	3	2	6	8	57
1678	678	2	5	69	48	347	134	1479
1568	3	168	7	69	48	245	145	12459
Using Cache
Using Cache
Using Cache
Using Cache
Using Cache
Using Cache
Using Cache
Using Cache
Using Cache
Using Cache
Using Cache
Using Cache
Using Cache
Using Cache
Using Cache
Using Cache
Using Cache
Using Cache
Using Cache
Using Cache
Using Cache
Using Cache
Using Cache
Using Cache
Using Cache
Using Cache
Using Cache


1 (8) Row_1: [9][1][3][2|4][2|4][5|7][5|7|8][6][5|7|8]
2 (2) Row_2: [2|5][2|5][4][6][8][3|7][1][9][4|7]
3 (14) Row_3: [6|8][6|8][7][9][1][3|5][2|3|4|5][3|4|5][2|4|5]
4 (7) Row_4: [1|2|8][9][1|8][2|4][2|4|5][6][4|5|8][7][3]
5 (40) Row_5: [1|2|6|7|8][2|6|7|8][1|6|8][3][2|4|5][9][4|5|8][1|4|5][1|4|5|8]
6 (1) Row_6: [3][4][5][8][7][1][9][2][6]
7 (2) Row_7: [4][5|7][9][1][3][2][6][8][5|7]
8 (18) Row_8: [1|6|7|8][6|7|8][2][5][6|9][4|8][3|4|7][1|3|4][1|4|7|9]
9 (21) Row_9: [1|5|6|8][3][1|6|8][7][6|9][4|8][2|4|5][1|4|5][1|2|4|5|9]

10 (17) Col_1: [9][2|5][6|8][1|2|8][1|2|6|7|8][3][4][1|6|7|8][1|5|6|8]
11 (6) Col_2: [1][2|5][6|8][9][2|6|7|8][4][5|7][6|7|8][3]
12 (4) Col_3: [3][4][7][1|8][1|6|8][5][9][2][1|6|8]
13 (2) Col_4: [2|4][6][9][2|4][3][8][1][5][7]
14 (8) Col_5: [2|4][8][1][2|4|5][2|4|5][7][3][6|9][6|9]
15 (4) Col_6: [5|7][3|7][3|5][6][9][1][2][4|8][4|8]
16 (14) Col_7: [5|7|8][1][2|3|4|5][4|5|8][4|5|8][9][6][3|4|7][2|4|5]
17 (8) Col_8: [6][9][3|4|5][7][1|4|5][2][8][1|3|4][1|4|5]
18 (14) Col_9: [5|7|8][4|7][2|4|5][3][1|4|5|8][6][5|7][1|4|7|9][1|2|4|5|9]

19 (4) Box_1: [9][1][3][2|5][2|5][4][6|8][6|8][7]
20 (4) Box_2: [2|4][2|4][5|7][6][8][3|7][9][1][3|5]
21 (12) Box_3: [5|7|8][6][5|7|8][1][9][4|7][2|3|4|5][3|4|5][2|4|5]
22 (11) Box_4: [1|2|8][9][1|8][1|2|6|7|8][2|6|7|8][1|6|8][3][4][5]
23 (4) Box_5: [2|4][2|4|5][6][3][2|4|5][9][8][7][1]
24 (10) Box_6: [4|5|8][7][3][4|5|8][1|4|5][1|4|5|8][9][2][6]
25 (14) Box_7: [4][5|7][9][1|6|7|8][6|7|8][2][1|5|6|8][3][1|6|8]
26 (4) Box_8: [1][3][2][5][6|9][4|8][7][6|9][4|8]
27 (21) Box_9: [6][8][5|7][3|4|7][1|3|4][1|4|7|9][2|4|5][1|4|5][1|2|4|5|9]



TSV (40)
9	1	3	24	24	57	578	6	578
25	25	4	6	8	3	1	9	7
68	68	7	9	1	35	2345	345	245
128	9	18	24	245	6	458	7	3
12678	2678	168	3	245	9	458	145	1458
3	4	5	8	7	1	9	2	6
4	57	9	1	3	2	6	8	57
1678	678	2	5	69	48	347	134	1479
1568	3	168	7	69	48	245	145	12459


==================================================
Puzzle Iteration (9)
==================================================


TSV (40)
9	1	3	24	24	57	578	6	578
25	25	4	6	8	3	1	9	7
68	68	7	9	1	35	2345	345	245
128	9	18	24	245	6	458	7	3
12678	2678	168	3	245	9	458	145	1458
3	4	5	8	7	1	9	2	6
4	57	9	1	3	2	6	8	57
1678	678	2	5	69	48	347	134	1479
1568	3	168	7	69	48	245	145	12459
Using Cache
Using Cache
Using Cache
Using Cache
Using Cache
Using Cache
Using Cache
Using Cache
Using Cache
Using Cache
Using Cache
Using Cache
Using Cache
Using Cache
Using Cache
Using Cache
Using Cache
Using Cache
Using Cache
Using Cache
Using Cache
Using Cache
Using Cache
Using Cache
Using Cache
Using Cache
Using Cache


1 (8) Row_1: [9][1][3][2|4][2|4][5|7][5|7|8][6][5|7|8]
2 (2) Row_2: [2|5][2|5][4][6][8][3][1][9][7]
3 (14) Row_3: [6|8][6|8][7][9][1][3|5][2|3|4|5][3|4|5][2|4|5]
4 (7) Row_4: [1|2|8][9][1|8][2|4][2|4|5][6][4|5|8][7][3]
5 (40) Row_5: [1|2|6|7|8][2|6|7|8][1|6|8][3][2|4|5][9][4|5|8][1|4|5][1|4|5|8]
6 (1) Row_6: [3][4][5][8][7][1][9][2][6]
7 (2) Row_7: [4][5|7][9][1][3][2][6][8][5|7]
8 (18) Row_8: [1|6|7|8][6|7|8][2][5][6|9][4|8][3|4|7][1|3|4][1|4|7|9]
9 (21) Row_9: [1|5|6|8][3][1|6|8][7][6|9][4|8][2|4|5][1|4|5][1|2|4|5|9]

10 (17) Col_1: [9][2|5][6|8][1|2|8][1|2|6|7|8][3][4][1|6|7|8][1|5|6|8]
11 (6) Col_2: [1][2|5][6|8][9][2|6|7|8][4][5|7][6|7|8][3]
12 (4) Col_3: [3][4][7][1|8][1|6|8][5][9][2][1|6|8]
13 (2) Col_4: [2|4][6][9][2|4][3][8][1][5][7]
14 (8) Col_5: [2|4][8][1][2|4|5][2|4|5][7][3][6|9][6|9]
15 (2) Col_6: [5|7][3][3|5][6][9][1][2][4|8][4|8]
16 (14) Col_7: [5|7|8][1][2|3|4|5][4|5|8][4|5|8][9][6][3|4|7][2|4|5]
17 (8) Col_8: [6][9][3|4|5][7][1|4|5][2][8][1|3|4][1|4|5]
18 (5) Col_9: [5|7|8][7][2|4|5][3][1|4|5|8][6][5|7][1|4|7|9][1|2|4|5|9]

19 (4) Box_1: [9][1][3][2|5][2|5][4][6|8][6|8][7]
20 (2) Box_2: [2|4][2|4][5|7][6][8][3][9][1][3|5]
21 (6) Box_3: [5|7|8][6][5|7|8][1][9][7][2|3|4|5][3|4|5][2|4|5]
22 (11) Box_4: [1|2|8][9][1|8][1|2|6|7|8][2|6|7|8][1|6|8][3][4][5]
23 (4) Box_5: [2|4][2|4|5][6][3][2|4|5][9][8][7][1]
24 (10) Box_6: [4|5|8][7][3][4|5|8][1|4|5][1|4|5|8][9][2][6]
25 (14) Box_7: [4][5|7][9][1|6|7|8][6|7|8][2][1|5|6|8][3][1|6|8]
26 (4) Box_8: [1][3][2][5][6|9][4|8][7][6|9][4|8]
27 (21) Box_9: [6][8][5|7][3|4|7][1|3|4][1|4|7|9][2|4|5][1|4|5][1|2|4|5|9]



TSV (44)
9	1	3	24	24	7	58	6	8
25	25	4	6	8	3	1	9	7
68	68	7	9	1	5	234	34	24
128	9	18	24	245	6	458	7	3
12678	2678	168	3	245	9	458	145	14
3	4	5	8	7	1	9	2	6
4	57	9	1	3	2	6	8	5
1678	678	2	5	69	48	347	134	149
1568	3	168	7	69	48	245	145	1249


==================================================
Puzzle Iteration (10)
==================================================


TSV (44)
9	1	3	24	24	7	58	6	8
25	25	4	6	8	3	1	9	7
68	68	7	9	1	5	234	34	24
128	9	18	24	245	6	458	7	3
12678	2678	168	3	245	9	458	145	14
3	4	5	8	7	1	9	2	6
4	57	9	1	3	2	6	8	5
1678	678	2	5	69	48	347	134	149
1568	3	168	7	69	48	245	145	1249
Using Cache
Using Cache
Using Cache
Using Cache
Using Cache
Using Cache
Using Cache
Using Cache
Using Cache
Using Cache
Using Cache
Using Cache
Using Cache
Using Cache
Using Cache
Using Cache
Using Cache
Using Cache
Using Cache
Using Cache
Using Cache
Using Cache
Using Cache
Using Cache
Using Cache
Using Cache
Using Cache


1 (2) Row_1: [9][1][3][2|4][2|4][7][5|8][6][8]
2 (2) Row_2: [2|5][2|5][4][6][8][3][1][9][7]
3 (6) Row_3: [6|8][6|8][7][9][1][5][2|3|4][3|4][2|4]
4 (7) Row_4: [1|2|8][9][1|8][2|4][2|4|5][6][4|5|8][7][3]
5 (21) Row_5: [1|2|6|7|8][2|6|7|8][1|6|8][3][2|4|5][9][4|5|8][1|4|5][1|4]
6 (1) Row_6: [3][4][5][8][7][1][9][2][6]
7 (1) Row_7: [4][5|7][9][1][3][2][6][8][5]
8 (14) Row_8: [1|6|7|8][6|7|8][2][5][6|9][4|8][3|4|7][1|3|4][1|4|9]
9 (17) Row_9: [1|5|6|8][3][1|6|8][7][6|9][4|8][2|4|5][1|4|5][1|2|4|9]

10 (17) Col_1: [9][2|5][6|8][1|2|8][1|2|6|7|8][3][4][1|6|7|8][1|5|6|8]
11 (6) Col_2: [1][2|5][6|8][9][2|6|7|8][4][5|7][6|7|8][3]
12 (4) Col_3: [3][4][7][1|8][1|6|8][5][9][2][1|6|8]
13 (2) Col_4: [2|4][6][9][2|4][3][8][1][5][7]
14 (8) Col_5: [2|4][8][1][2|4|5][2|4|5][7][3][6|9][6|9]
15 (2) Col_6: [7][3][5][6][9][1][2][4|8][4|8]
16 (4) Col_7: [5|8][1][2|3|4][4|5|8][4|5|8][9][6][3|4|7][2|4|5]
17 (6) Col_8: [6][9][3|4][7][1|4|5][2][8][1|3|4][1|4|5]
18 (5) Col_9: [8][7][2|4][3][1|4][6][5][1|4|9][1|2|4|9]

19 (4) Box_1: [9][1][3][2|5][2|5][4][6|8][6|8][7]
20 (2) Box_2: [2|4][2|4][7][6][8][3][9][1][5]
21 (3) Box_3: [5|8][6][8][1][9][7][2|3|4][3|4][2|4]
22 (11) Box_4: [1|2|8][9][1|8][1|2|6|7|8][2|6|7|8][1|6|8][3][4][5]
23 (4) Box_5: [2|4][2|4|5][6][3][2|4|5][9][8][7][1]
24 (6) Box_6: [4|5|8][7][3][4|5|8][1|4|5][1|4][9][2][6]
25 (14) Box_7: [4][5|7][9][1|6|7|8][6|7|8][2][1|5|6|8][3][1|6|8]
26 (4) Box_8: [1][3][2][5][6|9][4|8][7][6|9][4|8]
27 (5) Box_9: [6][8][5][3|4|7][1|3|4][1|4|9][2|4|5][1|4|5][1|2|4|9]



TSV (50)
9	1	3	24	24	7	5	6	8
25	25	4	6	8	3	1	9	7
68	68	7	9	1	5	3	34	24
128	9	18	24	245	6	458	7	3
12678	2678	168	3	245	9	458	145	14
3	4	5	8	7	1	9	2	6
4	7	9	1	3	2	6	8	5
1678	678	2	5	69	48	7	3	149
1568	3	168	7	69	48	2	14	1249


==================================================
Puzzle Iteration (11)
==================================================


TSV (50)
9	1	3	24	24	7	5	6	8
25	25	4	6	8	3	1	9	7
68	68	7	9	1	5	3	34	24
128	9	18	24	245	6	458	7	3
12678	2678	168	3	245	9	458	145	14
3	4	5	8	7	1	9	2	6
4	7	9	1	3	2	6	8	5
1678	678	2	5	69	48	7	3	149
1568	3	168	7	69	48	2	14	1249
Using Cache
Using Cache
Using Cache
Using Cache
Using Cache
Using Cache
Using Cache
Using Cache
Using Cache
Using Cache
Using Cache
Using Cache
Using Cache
Using Cache
Using Cache
Using Cache
Using Cache
Using Cache
Using Cache
Using Cache
Using Cache
Using Cache
Using Cache
Using Cache
Using Cache
Using Cache
Using Cache


1 (2) Row_1: [9][1][3][2|4][2|4][7][5][6][8]
2 (2) Row_2: [2|5][2|5][4][6][8][3][1][9][7]
3 (2) Row_3: [6|8][6|8][7][9][1][5][3][3|4][2|4]
4 (7) Row_4: [1|2|8][9][1|8][2|4][2|4|5][6][4|5|8][7][3]
5 (21) Row_5: [1|2|6|7|8][2|6|7|8][1|6|8][3][2|4|5][9][4|5|8][1|4|5][1|4]
6 (1) Row_6: [3][4][5][8][7][1][9][2][6]
7 (1) Row_7: [4][7][9][1][3][2][6][8][5]
8 (4) Row_8: [1|6|7|8][6|7|8][2][5][6|9][4|8][7][3][1|4|9]
9 (4) Row_9: [1|5|6|8][3][1|6|8][7][6|9][4|8][2][1|4][1|2|4|9]

10 (17) Col_1: [9][2|5][6|8][1|2|8][1|2|6|7|8][3][4][1|6|7|8][1|5|6|8]
11 (2) Col_2: [1][2|5][6|8][9][2|6|7|8][4][7][6|7|8][3]
12 (4) Col_3: [3][4][7][1|8][1|6|8][5][9][2][1|6|8]
13 (2) Col_4: [2|4][6][9][2|4][3][8][1][5][7]
14 (8) Col_5: [2|4][8][1][2|4|5][2|4|5][7][3][6|9][6|9]
15 (2) Col_6: [7][3][5][6][9][1][2][4|8][4|8]
16 (2) Col_7: [5][1][3][4|5|8][4|5|8][9][6][7][2]
17 (1) Col_8: [6][9][3|4][7][1|4|5][2][8][3][1|4]
18 (5) Col_9: [8][7][2|4][3][1|4][6][5][1|4|9][1|2|4|9]

19 (4) Box_1: [9][1][3][2|5][2|5][4][6|8][6|8][7]
20 (2) Box_2: [2|4][2|4][7][6][8][3][9][1][5]
21 (1) Box_3: [5][6][8][1][9][7][3][3|4][2|4]
22 (11) Box_4: [1|2|8][9][1|8][1|2|6|7|8][2|6|7|8][1|6|8][3][4][5]
23 (4) Box_5: [2|4][2|4|5][6][3][2|4|5][9][8][7][1]
24 (6) Box_6: [4|5|8][7][3][4|5|8][1|4|5][1|4][9][2][6]
25 (4) Box_7: [4][7][9][1|6|7|8][6|7|8][2][1|5|6|8][3][1|6|8]
26 (4) Box_8: [1][3][2][5][6|9][4|8][7][6|9][4|8]
27 (4) Box_9: [6][8][5][7][3][1|4|9][2][1|4][1|2|4|9]



TSV (57)
9	1	3	24	24	7	5	6	8
25	5	4	6	8	3	1	9	7
68	68	7	9	1	5	3	4	2
128	9	18	24	245	6	48	7	3
12678	2	168	3	245	9	48	5	14
3	4	5	8	7	1	9	2	6
4	7	9	1	3	2	6	8	5
168	68	2	5	69	48	7	3	149
5	3	168	7	69	48	2	1	149


==================================================
Puzzle Iteration (12)
==================================================


TSV (57)
9	1	3	24	24	7	5	6	8
25	5	4	6	8	3	1	9	7
68	68	7	9	1	5	3	4	2
128	9	18	24	245	6	48	7	3
12678	2	168	3	245	9	48	5	14
3	4	5	8	7	1	9	2	6
4	7	9	1	3	2	6	8	5
168	68	2	5	69	48	7	3	149
5	3	168	7	69	48	2	1	149
Using Cache
Using Cache
Using Cache
Using Cache
Using Cache
Using Cache
Using Cache
Using Cache
Using Cache
Using Cache
Using Cache
Using Cache
Using Cache
Using Cache
Using Cache
Using Cache
Using Cache
Using Cache
Using Cache
Using Cache
Using Cache
Using Cache
Using Cache
Using Cache
Using Cache
Using Cache
Using Cache


1 (2) Row_1: [9][1][3][2|4][2|4][7][5][6][8]
2 (1) Row_2: [2|5][5][4][6][8][3][1][9][7]
3 (2) Row_3: [6|8][6|8][7][9][1][5][3][4][2]
4 (3) Row_4: [1|2|8][9][1|8][2|4][2|4|5][6][4|8][7][3]
5 (1) Row_5: [1|2|6|7|8][2][1|6|8][3][2|4|5][9][4|8][5][1|4]
6 (1) Row_6: [3][4][5][8][7][1][9][2][6]
7 (1) Row_7: [4][7][9][1][3][2][6][8][5]
8 (4) Row_8: [1|6|8][6|8][2][5][6|9][4|8][7][3][1|4|9]
9 (2) Row_9: [5][3][1|6|8][7][6|9][4|8][2][1][1|4|9]

10 (3) Col_1: [9][2|5][6|8][1|2|8][1|2|6|7|8][3][4][1|6|8][5]
11 (2) Col_2: [1][5][6|8][9][2][4][7][6|8][3]
12 (4) Col_3: [3][4][7][1|8][1|6|8][5][9][2][1|6|8]
13 (2) Col_4: [2|4][6][9][2|4][3][8][1][5][7]
14 (8) Col_5: [2|4][8][1][2|4|5][2|4|5][7][3][6|9][6|9]
15 (2) Col_6: [7][3][5][6][9][1][2][4|8][4|8]
16 (2) Col_7: [5][1][3][4|8][4|8][9][6][7][2]
17 (1) Col_8: [6][9][4][7][5][2][8][3][1]
18 (4) Col_9: [8][7][2][3][1|4][6][5][1|4|9][1|4|9]

19 (2) Box_1: [9][1][3][2|5][5][4][6|8][6|8][7]
20 (2) Box_2: [2|4][2|4][7][6][8][3][9][1][5]
21 (1) Box_3: [5][6][8][1][9][7][3][4][2]
22 (2) Box_4: [1|2|8][9][1|8][1|2|6|7|8][2][1|6|8][3][4][5]
23 (4) Box_5: [2|4][2|4|5][6][3][2|4|5][9][8][7][1]
24 (2) Box_6: [4|8][7][3][4|8][5][1|4][9][2][6]
25 (4) Box_7: [4][7][9][1|6|8][6|8][2][5][3][1|6|8]
26 (4) Box_8: [1][3][2][5][6|9][4|8][7][6|9][4|8]
27 (2) Box_9: [6][8][5][7][3][1|4|9][2][1][1|4|9]



TSV (64)
9	1	3	24	24	7	5	6	8
2	5	4	6	8	3	1	9	7
68	68	7	9	1	5	3	4	2
18	9	18	24	5	6	48	7	3
7	2	6	3	4	9	8	5	1
3	4	5	8	7	1	9	2	6
4	7	9	1	3	2	6	8	5
168	68	2	5	69	48	7	3	49
5	3	68	7	69	48	2	1	49


==================================================
Puzzle Iteration (13)
==================================================


TSV (64)
9	1	3	24	24	7	5	6	8
2	5	4	6	8	3	1	9	7
68	68	7	9	1	5	3	4	2
18	9	18	24	5	6	48	7	3
7	2	6	3	4	9	8	5	1
3	4	5	8	7	1	9	2	6
4	7	9	1	3	2	6	8	5
168	68	2	5	69	48	7	3	49
5	3	68	7	69	48	2	1	49
Using Cache
Using Cache
Using Cache
Using Cache
Using Cache
Using Cache
Using Cache
Using Cache
Using Cache
Using Cache
Using Cache
Using Cache
Using Cache
Using Cache
Using Cache
Using Cache
Using Cache
Using Cache
Using Cache
Using Cache
Using Cache
Using Cache
Using Cache
Using Cache
Using Cache
Using Cache
Using Cache


1 (2) Row_1: [9][1][3][2|4][2|4][7][5][6][8]
2 (1) Row_2: [2][5][4][6][8][3][1][9][7]
3 (2) Row_3: [6|8][6|8][7][9][1][5][3][4][2]
4 (2) Row_4: [1|8][9][1|8][2|4][5][6][4|8][7][3]
5 (1) Row_5: [7][2][6][3][4][9][8][5][1]
6 (1) Row_6: [3][4][5][8][7][1][9][2][6]
7 (1) Row_7: [4][7][9][1][3][2][6][8][5]
8 (2) Row_8: [1|6|8][6|8][2][5][6|9][4|8][7][3][4|9]
9 (2) Row_9: [5][3][6|8][7][6|9][4|8][2][1][4|9]

10 (3) Col_1: [9][2][6|8][1|8][7][3][4][1|6|8][5]
11 (2) Col_2: [1][5][6|8][9][2][4][7][6|8][3]
12 (1) Col_3: [3][4][7][1|8][6][5][9][2][6|8]
13 (2) Col_4: [2|4][6][9][2|4][3][8][1][5][7]
14 (2) Col_5: [2|4][8][1][5][4][7][3][6|9][6|9]
15 (2) Col_6: [7][3][5][6][9][1][2][4|8][4|8]
16 (1) Col_7: [5][1][3][4|8][8][9][6][7][2]
17 (1) Col_8: [6][9][4][7][5][2][8][3][1]
18 (2) Col_9: [8][7][2][3][1][6][5][4|9][4|9]

19 (2) Box_1: [9][1][3][2][5][4][6|8][6|8][7]
20 (2) Box_2: [2|4][2|4][7][6][8][3][9][1][5]
21 (1) Box_3: [5][6][8][1][9][7][3][4][2]
22 (2) Box_4: [1|8][9][1|8][7][2][6][3][4][5]
23 (1) Box_5: [2|4][5][6][3][4][9][8][7][1]
24 (1) Box_6: [4|8][7][3][8][5][1][9][2][6]
25 (2) Box_7: [4][7][9][1|6|8][6|8][2][5][3][6|8]
26 (4) Box_8: [1][3][2][5][6|9][4|8][7][6|9][4|8]
27 (2) Box_9: [6][8][5][7][3][4|9][2][1][4|9]



TSV (70)
9	1	3	24	2	7	5	6	8
2	5	4	6	8	3	1	9	7
68	68	7	9	1	5	3	4	2
18	9	1	2	5	6	4	7	3
7	2	6	3	4	9	8	5	1
3	4	5	8	7	1	9	2	6
4	7	9	1	3	2	6	8	5
1	68	2	5	69	48	7	3	49
5	3	8	7	69	48	2	1	49


==================================================
Puzzle Iteration (14)
==================================================


TSV (70)
9	1	3	24	2	7	5	6	8
2	5	4	6	8	3	1	9	7
68	68	7	9	1	5	3	4	2
18	9	1	2	5	6	4	7	3
7	2	6	3	4	9	8	5	1
3	4	5	8	7	1	9	2	6
4	7	9	1	3	2	6	8	5
1	68	2	5	69	48	7	3	49
5	3	8	7	69	48	2	1	49
Using Cache
Using Cache
Using Cache
Using Cache
Using Cache
Using Cache
Using Cache
Using Cache
Using Cache
Using Cache
Using Cache
Using Cache
Using Cache
Using Cache
Using Cache
Using Cache
Using Cache
Using Cache
Using Cache
Using Cache
Using Cache
Using Cache
Using Cache
Using Cache
Using Cache
Using Cache
Using Cache


1 (1) Row_1: [9][1][3][2|4][2][7][5][6][8]
2 (1) Row_2: [2][5][4][6][8][3][1][9][7]
3 (2) Row_3: [6|8][6|8][7][9][1][5][3][4][2]
4 (1) Row_4: [1|8][9][1][2][5][6][4][7][3]
5 (1) Row_5: [7][2][6][3][4][9][8][5][1]
6 (1) Row_6: [3][4][5][8][7][1][9][2][6]
7 (1) Row_7: [4][7][9][1][3][2][6][8][5]
8 (2) Row_8: [1][6|8][2][5][6|9][4|8][7][3][4|9]
9 (1) Row_9: [5][3][8][7][6|9][4|8][2][1][4|9]

10 (1) Col_1: [9][2][6|8][1|8][7][3][4][1][5]
11 (2) Col_2: [1][5][6|8][9][2][4][7][6|8][3]
12 (1) Col_3: [3][4][7][1][6][5][9][2][8]
13 (1) Col_4: [2|4][6][9][2][3][8][1][5][7]
14 (2) Col_5: [2][8][1][5][4][7][3][6|9][6|9]
15 (2) Col_6: [7][3][5][6][9][1][2][4|8][4|8]
16 (1) Col_7: [5][1][3][4][8][9][6][7][2]
17 (1) Col_8: [6][9][4][7][5][2][8][3][1]
18 (2) Col_9: [8][7][2][3][1][6][5][4|9][4|9]

19 (2) Box_1: [9][1][3][2][5][4][6|8][6|8][7]
20 (1) Box_2: [2|4][2][7][6][8][3][9][1][5]
21 (1) Box_3: [5][6][8][1][9][7][3][4][2]
22 (1) Box_4: [1|8][9][1][7][2][6][3][4][5]
23 (1) Box_5: [2][5][6][3][4][9][8][7][1]
24 (1) Box_6: [4][7][3][8][5][1][9][2][6]
25 (1) Box_7: [4][7][9][1][6|8][2][5][3][8]
26 (4) Box_8: [1][3][2][5][6|9][4|8][7][6|9][4|8]
27 (2) Box_9: [6][8][5][7][3][4|9][2][1][4|9]



TSV (77)
9	1	3	4	2	7	5	6	8
2	5	4	6	8	3	1	9	7
6	68	7	9	1	5	3	4	2
8	9	1	2	5	6	4	7	3
7	2	6	3	4	9	8	5	1
3	4	5	8	7	1	9	2	6
4	7	9	1	3	2	6	8	5
1	6	2	5	69	48	7	3	49
5	3	8	7	6	4	2	1	9


==================================================
Puzzle Iteration (15)
==================================================


TSV (77)
9	1	3	4	2	7	5	6	8
2	5	4	6	8	3	1	9	7
6	68	7	9	1	5	3	4	2
8	9	1	2	5	6	4	7	3
7	2	6	3	4	9	8	5	1
3	4	5	8	7	1	9	2	6
4	7	9	1	3	2	6	8	5
1	6	2	5	69	48	7	3	49
5	3	8	7	6	4	2	1	9
Using Cache
Using Cache
Using Cache
Using Cache
Using Cache
Using Cache
Using Cache
Using Cache
Using Cache
Using Cache
Using Cache
Using Cache
Using Cache
Using Cache
Using Cache
Using Cache
Using Cache
Using Cache
Using Cache
Using Cache
Using Cache
Using Cache
Using Cache
Using Cache
Using Cache
Using Cache
Using Cache


1 (1) Row_1: [9][1][3][4][2][7][5][6][8]
2 (1) Row_2: [2][5][4][6][8][3][1][9][7]
3 (1) Row_3: [6][6|8][7][9][1][5][3][4][2]
4 (1) Row_4: [8][9][1][2][5][6][4][7][3]
5 (1) Row_5: [7][2][6][3][4][9][8][5][1]
6 (1) Row_6: [3][4][5][8][7][1][9][2][6]
7 (1) Row_7: [4][7][9][1][3][2][6][8][5]
8 (1) Row_8: [1][6][2][5][6|9][4|8][7][3][4|9]
9 (1) Row_9: [5][3][8][7][6][4][2][1][9]

10 (1) Col_1: [9][2][6][8][7][3][4][1][5]
11 (1) Col_2: [1][5][6|8][9][2][4][7][6][3]
12 (1) Col_3: [3][4][7][1][6][5][9][2][8]
13 (1) Col_4: [4][6][9][2][3][8][1][5][7]
14 (1) Col_5: [2][8][1][5][4][7][3][6|9][6]
15 (1) Col_6: [7][3][5][6][9][1][2][4|8][4]
16 (1) Col_7: [5][1][3][4][8][9][6][7][2]
17 (1) Col_8: [6][9][4][7][5][2][8][3][1]
18 (1) Col_9: [8][7][2][3][1][6][5][4|9][9]

19 (1) Box_1: [9][1][3][2][5][4][6][6|8][7]
20 (1) Box_2: [4][2][7][6][8][3][9][1][5]
21 (1) Box_3: [5][6][8][1][9][7][3][4][2]
22 (1) Box_4: [8][9][1][7][2][6][3][4][5]
23 (1) Box_5: [2][5][6][3][4][9][8][7][1]
24 (1) Box_6: [4][7][3][8][5][1][9][2][6]
25 (1) Box_7: [4][7][9][1][6][2][5][3][8]
26 (1) Box_8: [1][3][2][5][6|9][4|8][7][6][4]
27 (1) Box_9: [6][8][5][7][3][4|9][2][1][9]



TSV (81)
9	1	3	4	2	7	5	6	8
2	5	4	6	8	3	1	9	7
6	8	7	9	1	5	3	4	2
8	9	1	2	5	6	4	7	3
7	2	6	3	4	9	8	5	1
3	4	5	8	7	1	9	2	6
4	7	9	1	3	2	6	8	5
1	6	2	5	9	8	7	3	4
5	3	8	7	6	4	2	1	9
